1: 0.9242 0.0558 0.0001 0.0001 0.0001 0.0149 0.0044 0.0003 1
2: 0.9455 0.0518 0.0010 0.0001 0.0001 0.0001 0.0011 0.0004 1
3: 0.8232 0.0230 0.0601 0.0394 0.0513 0.0001 0.0028 0.0001 1
4: 0.9390 0.0009 0.0356 0.0235 0.0002 0.0001 0.0003 0.0003 1
5: 0.9180 0.0002 0.0294 0.0143 0.0290 0.0017 0.0073 0.0001 1
6: 0.9759 0.0002 0.0001 0.0002 0.0011 0.0051 0.0001 0.0173 1
7: 0.9362 0.0045 0.0001 0.0038 0.0001 0.0020 0.0312 0.0221 1
8: 0.9210 0.0704 0.0001 0.0001 0.0001 0.0001 0.0010 0.0072 1
9: 0.9121 0.0017 0.0031 0.0004 0.0359 0.0205 0.0001 0.0262 1
10: 0.9342 0.0001 0.0044 0.0372 0.0235 0.0004 0.0001 0.0001 1
11: 0.9071 0.0001 0.0337 0.0077 0.0504 0.0001 0.0006 0.0002 1
12: 0.9374 0.0003 0.0112 0.0360 0.0145 0.0001 0.0002 0.0004 1
13: 0.1500 0.0003 0.0515 0.7727 0.0248 0.0001 0.0001 0.0005 1
14: 0.0466 0.0196 0.0001 0.9332 0.0001 0.0002 0.0001 0.0001 1
15: 0.0590 0.0101 0.0001 0.9304 0.0001 0.0001 0.0001 0.0001 1
16: 0.0194 0.0127 0.0001 0.9477 0.0001 0.0001 0.0001 0.0198 1
17: 0.0001 0.0001 0.0016 0.9285 0.0001 0.0004 0.0636 0.0056 1
18: 0.0001 0.0001 0.0774 0.8852 0.0222 0.0013 0.0136 0.0001 1
19: 0.0001 0.0001 0.1165 0.8109 0.0612 0.0001 0.0110 0.0001 1
20: 0.0001 0.0001 0.0280 0.9005 0.0002 0.0007 0.0703 0.0001 1
21: 0.0136 0.0036 0.8673 0.0303 0.0333 0.0013 0.0467 0.0040 1
22: 0.0001 0.0001 0.9993 0.0001 0.0001 0.0001 0.0001 0.0001 1
23: 0.0001 0.0001 0.9993 0.0001 0.0001 0.0001 0.0001 0.0001 1
24: 0.0614 0.0123 0.7942 0.0699 0.0555 0.0008 0.0052 0.0005 1
25: 0.1768 0.5406 0.0052 0.1068 0.0102 0.0038 0.0630 0.0936 1
26: 0.0001 0.9993 0.0001 0.0001 0.0001 0.0001 0.0001 0.0001 1
27: 0.0190 0.8980 0.0065 0.0367 0.0093 0.0154 0.0138 0.0013 1
28: 0.0001 0.9993 0.0001 0.0001 0.0001 0.0001 0.0001 0.0001 1
29: 0.0020 0.0007 0.0068 0.0001 0.0005 0.0002 0.9896 0.0001 1
30: 0.0002 0.0001 0.0002 0.0012 0.0001 0.0092 0.9886 0.0003 1
31: 0.0001 0.0002 0.0001 0.0001 0.0001 0.0001 0.9979 0.0013 1
32: 0.0001 0.0005 0.0001 0.0001 0.0001 0.0001 0.9989 0.0001 1
33: 0.0010 0.0099 0.0046 0.0001 0.0070 0.0253 0.0089 0.9432 1
34: 0.0001 0.0001 0.0001 0.0001 0.0001 0.0001 0.0001 0.9993 1
35: 0.0183 0.0003 0.0053 0.0111 0.0001 0.0003 0.0007 0.9639 1
36: 0.0004 0.0001 0.0001 0.0096 0.0508 0.0001 0.0001 0.9388 1
37: 0.0001 0.0001 0.0001 0.0001 0.0001 0.9993 0.0001 0.0001 1
38: 0.0412 0.0194 0.0007 0.0343 0.0496 0.7957 0.0001 0.0590 1
39: 0.0001 0.0001 0.0001 0.0001 0.0001 0.9993 0.0001 0.0001 1
40: 0.0018 0.0315 0.0006 0.0002 0.0431 0.8827 0.0065 0.0336 1
41: 0.0888 0.0198 0.0426 0.0260 0.6958 0.0514 0.0173 0.0583 1
42: 0.1124 0.0202 0.0775 0.0022 0.6746 0.0466 0.0109 0.0557 1
43: 0.1656 0.0081 0.0715 0.0612 0.6026 0.0521 0.0010 0.0378 1
44: 0.0718 0.0320 0.0682 0.0424 0.6615 0.0527 0.0238 0.0476 1
45: 0.0001 0.0001 0.0001 0.0001 0.9993 0.0001 0.0001 0.0001 1
46: 0.0618 0.0176 0.0373 0.0498 0.7722 0.0184 0.0001 0.0429 1
47: 0.0001 0.0001 0.0001 0.0001 0.9993 0.0001 0.0001 0.0001 1
48: 0.0001 0.0003 0.0476 0.0512 0.8377 0.0372 0.0112 0.0148 1
