1: 0.9102 0.0516 0.0001 0.0001 0.0168 0.0001 0.0143 0.0069 1
2: 0.9345 0.0464 0.0013 0.0001 0.0170 0.0001 0.0002 0.0004 1
3: 0.8074 0.0190 0.0632 0.0415 0.0124 0.0527 0.0001 0.0038 1
4: 0.9243 0.0010 0.0429 0.0182 0.0132 0.0001 0.0001 0.0002 1
5: 0.9137 0.0001 0.0325 0.0133 0.0064 0.0244 0.0020 0.0076 1
6: 0.9763 0.0002 0.0001 0.0003 0.0169 0.0009 0.0052 0.0001 1
7: 0.9318 0.0011 0.0001 0.0040 0.0301 0.0001 0.0016 0.0312 1
8: 0.9109 0.0767 0.0001 0.0001 0.0110 0.0001 0.0002 0.0008 1
9: 0.9022 0.0047 0.0046 0.0002 0.0259 0.0478 0.0144 0.0001 1
10: 0.9316 0.0001 0.0025 0.0404 0.0005 0.0243 0.0005 0.0001 1
11: 0.9080 0.0001 0.0370 0.0058 0.0010 0.0470 0.0001 0.0010 1
12: 0.9297 0.0004 0.0097 0.0400 0.0004 0.0194 0.0001 0.0002 1
13: 0.1435 0.0004 0.0486 0.7791 0.0024 0.0257 0.0001 0.0001 1
14: 0.0388 0.0222 0.0001 0.9382 0.0004 0.0001 0.0001 0.0001 1
15: 0.0522 0.0122 0.0001 0.9341 0.0011 0.0001 0.0001 0.0001 1
16: 0.0159 0.0112 0.0001 0.9512 0.0214 0.0001 0.0001 0.0001 1
17: 0.0001 0.0001 0.0007 0.9247 0.0065 0.0001 0.0008 0.0670 1
18: 0.0001 0.0001 0.0755 0.8805 0.0001 0.0234 0.0028 0.0175 1
19: 0.0001 0.0001 0.1191 0.8042 0.0008 0.0654 0.0001 0.0102 1
20: 0.0001 0.0001 0.0267 0.9015 0.0001 0.0001 0.0007 0.0707 1
21: 0.0160 0.0042 0.8653 0.0313 0.0046 0.0338 0.0009 0.0440 1
22: 0.0001 0.0001 0.9993 0.0001 0.0001 0.0001 0.0001 0.0001 1
23: 0.0001 0.0001 0.9993 0.0001 0.0001 0.0001 0.0001 0.0001 1
24: 0.0568 0.0137 0.7931 0.0732 0.0021 0.0547 0.0006 0.0058 1
25: 0.1749 0.5377 0.0057 0.1049 0.0920 0.0147 0.0053 0.0649 1
26: 0.0001 0.9993 0.0001 0.0001 0.0001 0.0001 0.0001 0.0001 1
27: 0.0188 0.8933 0.0038 0.0396 0.0016 0.0086 0.0172 0.0172 1
28: 0.0001 0.9993 0.0001 0.0001 0.0001 0.0001 0.0001 0.0001 1
29: 0.0020 0.0003 0.0057 0.0001 0.0002 0.0003 0.0002 0.9912 1
30: 0.0001 0.0001 0.0001 0.0009 0.0001 0.0006 0.0109 0.9872 1
31: 0.0001 0.0004 0.0001 0.0001 0.0023 0.0002 0.0001 0.9967 1
32: 0.0001 0.0003 0.0001 0.0002 0.0001 0.0001 0.0001 0.9991 1
33: 0.0040 0.0162 0.0028 0.0001 0.9151 0.0076 0.0437 0.0104 1
34: 0.0050 0.0053 0.0003 0.0004 0.9685 0.0015 0.0175 0.0015 1
35: 0.0285 0.0048 0.0081 0.0124 0.9274 0.0019 0.0154 0.0013 1
36: 0.0055 0.0042 0.0001 0.0137 0.9106 0.0497 0.0148 0.0013 1
37: 0.0001 0.0001 0.0001 0.0001 0.0001 0.0001 0.9993 0.0001 1
38: 0.0385 0.0159 0.0010 0.0333 0.0567 0.0560 0.7985 0.0001 1
39: 0.0001 0.0001 0.0001 0.0001 0.0001 0.0001 0.9993 0.0001 1
40: 0.0020 0.0312 0.0002 0.0002 0.0309 0.0437 0.8854 0.0065 1
41: 0.0853 0.0203 0.0434 0.0251 0.0677 0.6906 0.0525 0.0151 1
42: 0.1017 0.0226 0.0755 0.0005 0.0657 0.6775 0.0479 0.0087 1
43: 0.1595 0.0055 0.0687 0.0623 0.0503 0.6022 0.0508 0.0006 1
44: 0.0693 0.0336 0.0686 0.0338 0.0587 0.6609 0.0529 0.0221 1
45: 0.0001 0.0001 0.0001 0.0001 0.0001 0.9993 0.0001 0.0001 1
46: 0.0600 0.0153 0.0376 0.0507 0.0471 0.7702 0.0189 0.0001 1
47: 0.0001 0.0001 0.0001 0.0001 0.0001 0.9993 0.0001 0.0001 1
48: 0.0003 0.0001 0.0470 0.0467 0.0227 0.8371 0.0381 0.0080 1
