1: 0.5667 0.3510 0.0001 0.0612 0.0001 0.0064 0.0144 0.0001 0.0001 1
2: 0.7236 0.0750 0.0483 0.0323 0.0407 0.0530 0.0001 0.0268 0.0002 1
3: 0.7430 0.0362 0.0265 0.0160 0.0872 0.0330 0.0200 0.0157 0.0223 1
4: 0.6206 0.0559 0.1967 0.0808 0.0151 0.0008 0.0282 0.0001 0.0019 1
5: 0.9992 0.0001 0.0001 0.0001 0.0001 0.0001 0.0001 0.0001 0.0001 1
6: 0.9992 0.0001 0.0001 0.0001 0.0001 0.0001 0.0001 0.0001 0.0001 1
7: 0.9992 0.0001 0.0001 0.0001 0.0001 0.0001 0.0001 0.0001 0.0001 1
8: 0.9992 0.0001 0.0001 0.0001 0.0001 0.0001 0.0001 0.0001 0.0001 1
9: 0.6834 0.1377 0.1551 0.0197 0.0015 0.0006 0.0017 0.0001 0.0002 1
10: 0.6776 0.0745 0.1604 0.0103 0.0185 0.0061 0.0005 0.0337 0.0185 1
11: 0.6791 0.0854 0.1795 0.0131 0.0041 0.0045 0.0019 0.0010 0.0314 1
12: 0.6785 0.0904 0.1457 0.0159 0.0250 0.0128 0.0012 0.0286 0.0018 1
13: 0.5623 0.2775 0.0047 0.0667 0.0044 0.0415 0.0290 0.0005 0.0133 1
14: 0.6355 0.2934 0.0012 0.0302 0.0195 0.0003 0.0043 0.0024 0.0133 1
15: 0.5372 0.2747 0.0319 0.0441 0.0282 0.0403 0.0015 0.0073 0.0347 1
16: 0.6344 0.3002 0.0001 0.0269 0.0059 0.0083 0.0137 0.0001 0.0104 1
17: 0.5006 0.0149 0.1120 0.0005 0.1210 0.1093 0.0044 0.1365 0.0007 1
18: 0.4385 0.0357 0.1066 0.0001 0.1635 0.1174 0.0073 0.1309 0.0001 1
19: 0.4442 0.0381 0.1162 0.0001 0.1471 0.1440 0.0001 0.1096 0.0006 1
20: 0.4329 0.0181 0.1310 0.0019 0.1662 0.1249 0.0001 0.1248 0.0001 1
21: 0.0053 0.0246 0.1538 0.0020 0.1181 0.1462 0.1279 0.3228 0.0993 1
22: 0.0094 0.0001 0.1671 0.0004 0.1087 0.1420 0.1252 0.3138 0.1332 1
23: 0.0038 0.0024 0.1680 0.0002 0.0693 0.1717 0.1407 0.3042 0.1396 1
24: 0.0209 0.0870 0.1974 0.0001 0.1031 0.0654 0.0869 0.3215 0.1177 1
25: 0.0321 0.0673 0.2075 0.0001 0.0930 0.0755 0.0874 0.3104 0.1267 1
26: 0.0316 0.0729 0.2023 0.0039 0.0999 0.1077 0.0775 0.3029 0.1013 1
27: 0.0525 0.1281 0.1828 0.0086 0.0312 0.0379 0.1132 0.2599 0.1858 1
28: 0.0001 0.0001 0.0001 0.0001 0.0001 0.0001 0.9992 0.0001 0.0001 1
29: 0.0001 0.0001 0.0001 0.0005 0.0003 0.0001 0.9986 0.0001 0.0001 1
30: 0.0001 0.0001 0.0001 0.0001 0.0001 0.0001 0.9992 0.0001 0.0001 1
31: 0.0001 0.0001 0.0001 0.0001 0.0001 0.0001 0.9992 0.0001 0.0001 1
32: 0.0175 0.3726 0.0946 0.0008 0.0729 0.0413 0.1015 0.2345 0.0642 1
33: 0.0184 0.3761 0.0798 0.0030 0.0744 0.0375 0.1160 0.2327 0.0620 1
34: 0.0381 0.3392 0.0853 0.0001 0.0811 0.0348 0.0982 0.2558 0.0676 1
35: 0.0533 0.3378 0.0882 0.0001 0.0791 0.0321 0.0954 0.2601 0.0539 1
36: 0.0001 0.0001 0.0001 0.0001 0.0001 0.0001 0.0001 0.9992 0.0001 1
37: 0.0001 0.0001 0.0001 0.0001 0.0001 0.0001 0.0001 0.9992 0.0001 1
38: 0.0001 0.0001 0.0001 0.0001 0.0001 0.0001 0.0001 0.9992 0.0001 1
39: 0.0001 0.0001 0.0001 0.0001 0.0001 0.0001 0.0001 0.9992 0.0001 1
40: 0.0403 0.0004 0.9054 0.0425 0.0001 0.0001 0.0111 0.0001 0.0001 1
41: 0.0156 0.0363 0.8588 0.0214 0.0300 0.0348 0.0001 0.0002 0.0029 1
42: 0.0305 0.0176 0.9194 0.0241 0.0004 0.0007 0.0070 0.0001 0.0001 1
43: 0.0395 0.0002 0.9098 0.0446 0.0001 0.0001 0.0055 0.0001 0.0001 1
44: 0.0189 0.0077 0.8277 0.0014 0.0533 0.0327 0.0002 0.0534 0.0049 1
45: 0.0612 0.0524 0.7719 0.0361 0.0024 0.0001 0.0188 0.0001 0.0569 1
46: 0.0163 0.0247 0.7818 0.0018 0.0666 0.0460 0.0085 0.0391 0.0150 1
47: 0.0039 0.0019 0.8331 0.0105 0.0545 0.0332 0.0012 0.0602 0.0016 1
48: 0.0001 0.0001 0.9992 0.0001 0.0001 0.0001 0.0001 0.0001 0.0001 1
49: 0.0001 0.0001 0.9992 0.0001 0.0001 0.0001 0.0001 0.0001 0.0001 1
50: 0.0107 0.0211 0.8381 0.0138 0.0444 0.0249 0.0010 0.0250 0.0210 1
51: 0.0001 0.0001 0.9992 0.0001 0.0001 0.0001 0.0001 0.0001 0.0001 1
52: 0.0063 0.7138 0.0586 0.0001 0.1129 0.0804 0.0125 0.0153 0.0001 1
53: 0.0006 0.6511 0.0632 0.0001 0.1403 0.1032 0.0165 0.0250 0.0001 1
54: 0.0003 0.5983 0.0643 0.0001 0.1667 0.1127 0.0002 0.0573 0.0001 1
55: 0.0002 0.6716 0.0604 0.0001 0.1516 0.1029 0.0052 0.0078 0.0003 1
56: 0.1669 0.7277 0.0309 0.0260 0.0001 0.0001 0.0018 0.0001 0.0464 1
57: 0.1304 0.7293 0.0710 0.0294 0.0001 0.0012 0.0200 0.0001 0.0184 1
58: 0.1343 0.7660 0.0578 0.0177 0.0001 0.0005 0.0001 0.0001 0.0234 1
59: 0.0921 0.7287 0.0741 0.0793 0.0001 0.0001 0.0020 0.0001 0.0235 1
60: 0.0001 0.9992 0.0001 0.0001 0.0001 0.0001 0.0001 0.0001 0.0001 1
61: 0.0001 0.9923 0.0001 0.0067 0.0003 0.0001 0.0001 0.0001 0.0001 1
62: 0.0001 0.9992 0.0001 0.0001 0.0001 0.0001 0.0001 0.0001 0.0001 1
63: 0.0001 0.9988 0.0001 0.0005 0.0001 0.0001 0.0001 0.0001 0.0001 1
64: 0.0200 0.0045 0.0001 0.0504 0.0001 0.0001 0.0173 0.0007 0.9068 1
65: 0.0008 0.0005 0.0003 0.0472 0.0255 0.0426 0.0098 0.0452 0.8282 1
66: 0.0010 0.0106 0.0001 0.0534 0.0001 0.0001 0.0351 0.0001 0.8995 1
67: 0.0001 0.0001 0.0001 0.0470 0.0001 0.0001 0.0252 0.0001 0.9272 1
68: 0.0071 0.0009 0.0102 0.0152 0.0529 0.0215 0.0324 0.0456 0.8141 1
69: 0.0001 0.0021 0.0494 0.0079 0.0661 0.0177 0.0348 0.0154 0.8064 1
70: 0.0001 0.0032 0.0265 0.0285 0.0354 0.0288 0.0112 0.0480 0.8183 1
71: 0.0001 0.0047 0.0131 0.0157 0.0424 0.0099 0.0054 0.0394 0.8692 1
72: 0.0001 0.0001 0.0001 0.0001 0.0001 0.0001 0.0001 0.0001 0.9992 1
73: 0.0036 0.0001 0.0078 0.0001 0.0027 0.0064 0.0001 0.0014 0.9777 1
74: 0.0001 0.0001 0.0103 0.0001 0.0001 0.0032 0.0001 0.0013 0.9847 1
75: 0.0001 0.0001 0.0001 0.0001 0.0001 0.0001 0.0001 0.0001 0.9992 1
76: 0.0001 0.0004 0.0012 0.9962 0.0002 0.0004 0.0001 0.0001 0.0013 1
77: 0.0001 0.0001 0.0008 0.9959 0.0001 0.0001 0.0026 0.0002 0.0001 1
78: 0.0039 0.0001 0.0001 0.9950 0.0003 0.0001 0.0001 0.0002 0.0001 1
79: 0.0001 0.0002 0.0001 0.9940 0.0008 0.0012 0.0002 0.0030 0.0003 1
80: 0.0001 0.0016 0.0003 0.0002 0.0003 0.9971 0.0002 0.0001 0.0001 1
81: 0.0001 0.0001 0.0001 0.0001 0.0001 0.9992 0.0001 0.0001 0.0001 1
82: 0.0003 0.0323 0.0129 0.0029 0.0064 0.9351 0.0073 0.0028 0.0001 1
83: 0.0002 0.0018 0.0012 0.0011 0.0122 0.9808 0.0022 0.0004 0.0002 1
84: 0.0001 0.0001 0.0001 0.0001 0.0001 0.9992 0.0001 0.0001 0.0001 1
85: 0.0031 0.0027 0.0076 0.0066 0.0385 0.9032 0.0001 0.0145 0.0237 1
86: 0.0002 0.0001 0.0001 0.0001 0.0003 0.9988 0.0001 0.0001 0.0002 1
87: 0.0002 0.0001 0.0016 0.0007 0.0075 0.9794 0.0001 0.0073 0.0031 1
88: 0.0008 0.0001 0.0060 0.0012 0.9402 0.0255 0.0004 0.0063 0.0195 1
89: 0.0009 0.0096 0.0009 0.0067 0.9204 0.0301 0.0092 0.0042 0.0178 1
90: 0.0007 0.0010 0.0266 0.0001 0.9055 0.0295 0.0001 0.0231 0.0134 1
91: 0.0029 0.0012 0.0045 0.0032 0.9188 0.0437 0.0010 0.0131 0.0117 1
92: 0.0007 0.0018 0.0121 0.0041 0.9636 0.0034 0.0010 0.0123 0.0011 1
93: 0.0001 0.0001 0.0001 0.0001 0.9992 0.0001 0.0001 0.0001 0.0001 1
94: 0.0001 0.0001 0.0001 0.0001 0.9992 0.0001 0.0001 0.0001 0.0001 1
95: 0.0001 0.0001 0.0001 0.0001 0.9992 0.0001 0.0001 0.0001 0.0001 1
