1: 0.9818 0.0148 0.0034 1
2: 0.9998 0.0001 0.0001 1
3: 0.9998 0.0001 0.0001 1
4: 0.9998 0.0001 0.0001 1
5: 0.9998 0.0001 0.0001 1
6: 0.9963 0.0036 0.0001 1
7: 0.9856 0.0042 0.0102 1
8: 0.9993 0.0006 0.0001 1
9: 0.9578 0.0421 0.0001 1
10: 0.9997 0.0002 0.0001 1
11: 0.9986 0.0013 0.0001 1
12: 0.9998 0.0001 0.0001 1
13: 0.9489 0.0011 0.0500 1
14: 0.9543 0.0028 0.0430 1
15: 0.9455 0.0001 0.0544 1
16: 0.9398 0.0078 0.0523 1
17: 0.7589 0.0339 0.2072 1
18: 0.8169 0.0384 0.1448 1
19: 0.8687 0.0114 0.1199 1
20: 0.7764 0.0151 0.2085 1
21: 0.8616 0.0206 0.1178 1
22: 0.9385 0.0047 0.0568 1
23: 0.9316 0.0032 0.0653 1
24: 0.9123 0.0199 0.0678 1
25: 0.7151 0.1183 0.1666 1
26: 0.7671 0.0686 0.1643 1
27: 0.7263 0.1053 0.1685 1
28: 0.7544 0.0788 0.1668 1
29: 0.0001 0.0001 0.9998 1
30: 0.0001 0.0001 0.9998 1
31: 0.0001 0.0001 0.9998 1
32: 0.0001 0.0001 0.9998 1
33: 0.1983 0.7209 0.0807 1
34: 0.1806 0.7415 0.0778 1
35: 0.2841 0.6514 0.0645 1
36: 0.2459 0.6974 0.0567 1
37: 0.0001 0.9998 0.0001 1
38: 0.0022 0.9977 0.0002 1
39: 0.0001 0.9998 0.0001 1
40: 0.0001 0.9998 0.0001 1
41: 0.5153 0.4775 0.0072 1
42: 0.5324 0.4652 0.0024 1
43: 0.5908 0.4091 0.0002 1
44: 0.5225 0.4597 0.0178 1
45: 0.4284 0.5715 0.0001 1
46: 0.5291 0.4708 0.0001 1
47: 0.4244 0.5755 0.0001 1
48: 0.4679 0.5275 0.0045 1
