1: 0.3898 0.3017 0.0493 0.0813 0.0040 0.0891 0.0292 0.0258 0.0079 0.0175 0.0001 0.0027 0.0001 0.0001 0.0001 0.0004 0.0001 0.0001 0.0006 1
2: 0.3706 0.2160 0.2149 0.1475 0.0003 0.0033 0.0112 0.0055 0.0001 0.0132 0.0001 0.0102 0.0015 0.0001 0.0035 0.0009 0.0007 0.0001 0.0001 1
3: 0.2869 0.2419 0.2179 0.1878 0.0001 0.0036 0.0021 0.0041 0.0116 0.0001 0.0295 0.0013 0.0018 0.0089 0.0006 0.0010 0.0007 0.0001 0.0001 1
4: 0.2914 0.2388 0.1165 0.1333 0.1389 0.0039 0.0530 0.0019 0.0133 0.0001 0.0002 0.0001 0.0066 0.0003 0.0001 0.0001 0.0004 0.0011 0.0001 1
5: 0.0002 0.0001 0.0001 0.9964 0.0001 0.0002 0.0005 0.0001 0.0005 0.0004 0.0002 0.0001 0.0004 0.0001 0.0001 0.0002 0.0001 0.0001 0.0001 1
6: 0.0002 0.0002 0.0001 0.9967 0.0001 0.0001 0.0007 0.0002 0.0001 0.0001 0.0001 0.0002 0.0001 0.0001 0.0001 0.0002 0.0003 0.0002 0.0001 1
7: 0.0001 0.0001 0.0001 0.9981 0.0001 0.0001 0.0001 0.0001 0.0001 0.0001 0.0001 0.0002 0.0001 0.0001 0.0001 0.0001 0.0001 0.0001 0.0001 1
8: 0.0002 0.0001 0.0025 0.9906 0.0006 0.0001 0.0001 0.0001 0.0028 0.0008 0.0001 0.0002 0.0001 0.0001 0.0001 0.0001 0.0001 0.0011 0.0002 1
9: 0.3539 0.3810 0.1222 0.0747 0.0545 0.0026 0.0010 0.0004 0.0001 0.0040 0.0001 0.0001 0.0045 0.0002 0.0001 0.0001 0.0001 0.0001 0.0001 1
10: 0.3360 0.3701 0.1115 0.0859 0.0315 0.0029 0.0003 0.0089 0.0001 0.0001 0.0002 0.0001 0.0255 0.0064 0.0196 0.0001 0.0002 0.0002 0.0003 1
11: 0.3653 0.3732 0.0997 0.0755 0.0470 0.0020 0.0016 0.0004 0.0002 0.0016 0.0001 0.0001 0.0220 0.0021 0.0011 0.0003 0.0076 0.0001 0.0001 1
12: 0.3667 0.3775 0.1363 0.0598 0.0333 0.0020 0.0001 0.0020 0.0001 0.0001 0.0018 0.0003 0.0072 0.0001 0.0052 0.0003 0.0032 0.0035 0.0004 1
13: 0.7649 0.0497 0.0429 0.0087 0.0006 0.0294 0.0299 0.0052 0.0171 0.0016 0.0004 0.0139 0.0021 0.0013 0.0001 0.0018 0.0001 0.0063 0.0239 1
14: 0.9807 0.0003 0.0001 0.0001 0.0001 0.0174 0.0001 0.0001 0.0001 0.0001 0.0001 0.0001 0.0001 0.0001 0.0001 0.0001 0.0001 0.0001 0.0001 1
15: 0.6950 0.0706 0.0174 0.0257 0.0012 0.0550 0.0135 0.0027 0.0002 0.0180 0.0276 0.0127 0.0186 0.0040 0.0060 0.0081 0.0126 0.0052 0.0059 1
16: 0.9794 0.0011 0.0001 0.0001 0.0001 0.0178 0.0001 0.0001 0.0002 0.0001 0.0001 0.0001 0.0001 0.0001 0.0001 0.0001 0.0001 0.0001 0.0001 1
17: 0.1127 0.0007 0.8062 0.0138 0.0004 0.0001 0.0001 0.0026 0.0016 0.0031 0.0073 0.0057 0.0035 0.0001 0.0137 0.0039 0.0029 0.0216 0.0001 1
18: 0.1056 0.0018 0.8171 0.0001 0.0001 0.0001 0.0001 0.0042 0.0052 0.0083 0.0161 0.0108 0.0051 0.0001 0.0153 0.0036 0.0001 0.0025 0.0038 1
19: 0.1077 0.0002 0.7987 0.0001 0.0001 0.0001 0.0001 0.0028 0.0001 0.0222 0.0109 0.0122 0.0048 0.0006 0.0114 0.0141 0.0022 0.0065 0.0052 1
20: 0.1047 0.0010 0.8039 0.0001 0.0041 0.0004 0.0010 0.0082 0.0001 0.0023 0.0244 0.0123 0.0069 0.0001 0.0157 0.0064 0.0002 0.0058 0.0023 1
21: 0.0001 0.1070 0.0796 0.0001 0.0185 0.0016 0.0009 0.1117 0.0482 0.0104 0.0085 0.0628 0.0129 0.0009 0.0934 0.0124 0.0670 0.3561 0.0079 1
22: 0.0001 0.1147 0.0939 0.0001 0.0191 0.0001 0.0002 0.0889 0.0500 0.0022 0.0136 0.0736 0.0254 0.0150 0.0907 0.0006 0.0633 0.3363 0.0124 1
23: 0.0009 0.1097 0.0729 0.0001 0.0291 0.0005 0.0001 0.0805 0.0583 0.0042 0.0023 0.0834 0.0135 0.0055 0.0854 0.0140 0.0780 0.3462 0.0155 1
24: 0.0002 0.0002 0.0003 0.0001 0.0001 0.0001 0.0001 0.0018 0.0001 0.0001 0.0032 0.0002 0.0001 0.0001 0.0033 0.0001 0.0001 0.9882 0.0014 1
25: 0.0001 0.0007 0.0089 0.0025 0.0161 0.0011 0.0001 0.0091 0.0006 0.0063 0.0030 0.0039 0.0014 0.0001 0.0131 0.0002 0.0046 0.9276 0.0006 1
26: 0.0001 0.0013 0.0045 0.0003 0.0006 0.0001 0.0002 0.0009 0.0001 0.0010 0.0049 0.0042 0.0006 0.0001 0.0004 0.0077 0.0004 0.9723 0.0002 1
27: 0.0001 0.0001 0.0001 0.0001 0.0001 0.0001 0.0004 0.0001 0.0002 0.0001 0.0001 0.0001 0.0001 0.0018 0.0001 0.0001 0.0001 0.9960 0.0001 1
28: 0.0001 0.0001 0.0003 0.0001 0.0001 0.0001 0.0002 0.0004 0.9967 0.0001 0.0003 0.0001 0.0001 0.0008 0.0001 0.0002 0.0001 0.0001 0.0001 1
29: 0.0001 0.0003 0.0001 0.0004 0.0002 0.0002 0.0015 0.0004 0.9915 0.0001 0.0030 0.0004 0.0001 0.0006 0.0001 0.0005 0.0001 0.0001 0.0003 1
30: 0.0007 0.0001 0.0003 0.0003 0.0005 0.0010 0.0004 0.0001 0.9935 0.0001 0.0001 0.0001 0.0004 0.0001 0.0001 0.0001 0.0002 0.0001 0.0018 1
31: 0.0002 0.0004 0.0004 0.0001 0.0002 0.0005 0.0001 0.0002 0.9937 0.0009 0.0001 0.0004 0.0004 0.0001 0.0006 0.0001 0.0003 0.0003 0.0009 1
32: 0.0001 0.0002 0.0005 0.0001 0.0003 0.0003 0.0004 0.0001 0.0004 0.0012 0.0013 0.0008 0.0001 0.0002 0.0001 0.0003 0.0004 0.0003 0.9929 1
33: 0.0001 0.0001 0.0002 0.0001 0.0001 0.0005 0.0009 0.0001 0.0039 0.0004 0.0005 0.0001 0.0001 0.0005 0.0001 0.0002 0.0001 0.0001 0.9918 1
34: 0.0001 0.0007 0.0004 0.0012 0.0003 0.0001 0.0001 0.0084 0.0001 0.0001 0.0002 0.0001 0.0001 0.0001 0.0033 0.0006 0.0025 0.0070 0.9745 1
35: 0.0007 0.0009 0.0002 0.0064 0.0003 0.0001 0.0001 0.0050 0.0001 0.0002 0.0003 0.0003 0.0015 0.0001 0.0065 0.0001 0.0003 0.0007 0.9762 1
36: 0.0004 0.0009 0.0004 0.0002 0.0001 0.0001 0.0006 0.0008 0.0002 0.0005 0.0008 0.0003 0.0003 0.0008 0.9910 0.0002 0.0011 0.0003 0.0010 1
37: 0.0001 0.0002 0.0007 0.0003 0.0001 0.0005 0.0003 0.0001 0.0002 0.0005 0.0004 0.0003 0.0001 0.0001 0.9950 0.0003 0.0003 0.0001 0.0002 1
38: 0.0001 0.0001 0.0001 0.0002 0.0001 0.0001 0.0001 0.0001 0.0001 0.0001 0.0001 0.0001 0.0001 0.0001 0.9977 0.0002 0.0002 0.0002 0.0002 1
39: 0.0001 0.0001 0.0002 0.0002 0.0012 0.0001 0.0002 0.0002 0.0002 0.0002 0.0001 0.0001 0.0002 0.0001 0.9958 0.0006 0.0001 0.0001 0.0001 1
40: 0.0001 0.0010 0.0001 0.0016 0.9494 0.0003 0.0020 0.0001 0.0008 0.0001 0.0001 0.0001 0.0438 0.0001 0.0001 0.0001 0.0001 0.0001 0.0001 1
41: 0.0017 0.0144 0.0080 0.0001 0.7242 0.0001 0.0009 0.0069 0.0001 0.0234 0.0290 0.0059 0.1122 0.0001 0.0010 0.0256 0.0025 0.0169 0.0270 1
42: 0.0015 0.0089 0.0012 0.0001 0.9029 0.0002 0.0009 0.0012 0.0007 0.0026 0.0096 0.0004 0.0460 0.0001 0.0007 0.0026 0.0014 0.0031 0.0157 1
43: 0.0001 0.0009 0.0001 0.0014 0.9493 0.0006 0.0018 0.0001 0.0008 0.0001 0.0001 0.0001 0.0439 0.0001 0.0001 0.0001 0.0001 0.0001 0.0001 1
44: 0.0078 0.1134 0.0385 0.0001 0.2818 0.0005 0.0002 0.0193 0.0001 0.0242 0.0197 0.0140 0.3587 0.0007 0.0407 0.0040 0.0173 0.0538 0.0052 1
45: 0.0446 0.1469 0.0049 0.0101 0.2106 0.0138 0.0309 0.0099 0.0075 0.0007 0.0016 0.0012 0.3772 0.0084 0.0001 0.0003 0.0481 0.0463 0.0368 1
46: 0.0066 0.1015 0.0385 0.0034 0.2637 0.0026 0.0005 0.0475 0.0019 0.0373 0.0122 0.0320 0.3395 0.0047 0.0271 0.0022 0.0190 0.0394 0.0206 1
47: 0.0012 0.1049 0.0286 0.0009 0.2663 0.0005 0.0055 0.0242 0.0002 0.0169 0.0183 0.0038 0.3715 0.0003 0.0366 0.0168 0.0190 0.0647 0.0198 1
48: 0.0001 0.0001 0.0001 0.0001 0.0002 0.0001 0.0001 0.0001 0.0001 0.0001 0.0001 0.0001 0.9981 0.0001 0.0001 0.0001 0.0001 0.0001 0.0001 1
49: 0.0001 0.0001 0.0001 0.0001 0.0001 0.0001 0.0001 0.0001 0.0001 0.0001 0.0001 0.0001 0.9982 0.0001 0.0001 0.0001 0.0001 0.0001 0.0001 1
50: 0.0034 0.0576 0.0175 0.0036 0.1772 0.0238 0.0183 0.0333 0.0010 0.0022 0.0089 0.0020 0.5414 0.0098 0.0230 0.0198 0.0105 0.0427 0.0039 1
51: 0.0001 0.0001 0.0001 0.0001 0.0001 0.0001 0.0001 0.0001 0.0001 0.0001 0.0002 0.0001 0.9981 0.0001 0.0001 0.0001 0.0001 0.0001 0.0001 1
52: 0.0057 0.0010 0.0001 0.0052 0.0001 0.0080 0.0002 0.0025 0.0004 0.9723 0.0003 0.0001 0.0011 0.0001 0.0007 0.0014 0.0001 0.0001 0.0007 1
53: 0.0025 0.0007 0.0005 0.0002 0.0011 0.0003 0.0001 0.0034 0.0043 0.9804 0.0006 0.0005 0.0012 0.0004 0.0009 0.0020 0.0005 0.0001 0.0003 1
54: 0.0023 0.0001 0.0101 0.0001 0.0001 0.0001 0.0001 0.0149 0.0001 0.9258 0.0069 0.0067 0.0023 0.0001 0.0212 0.0033 0.0001 0.0054 0.0002 1
55: 0.0024 0.0001 0.0001 0.0001 0.0001 0.0001 0.0011 0.0034 0.0003 0.9875 0.0005 0.0002 0.0013 0.0001 0.0005 0.0017 0.0001 0.0001 0.0002 1
56: 0.0363 0.3523 0.0700 0.0259 0.0273 0.2717 0.0071 0.1135 0.0003 0.0117 0.0001 0.0001 0.0056 0.0184 0.0001 0.0001 0.0018 0.0026 0.0552 1
57: 0.0559 0.3492 0.0536 0.0073 0.0532 0.2719 0.0051 0.1142 0.0106 0.0091 0.0001 0.0034 0.0025 0.0065 0.0002 0.0004 0.0004 0.0004 0.0559 1
58: 0.0299 0.3178 0.0481 0.0245 0.0306 0.3163 0.0034 0.1024 0.0001 0.0327 0.0007 0.0002 0.0123 0.0006 0.0002 0.0084 0.0074 0.0055 0.0590 1
59: 0.0398 0.2963 0.0422 0.0102 0.0646 0.2709 0.0531 0.0977 0.0004 0.0150 0.0004 0.0001 0.0031 0.0037 0.0001 0.0002 0.0009 0.0001 0.1013 1
60: 0.0001 0.0013 0.0004 0.0001 0.0005 0.9732 0.0001 0.0032 0.0006 0.0165 0.0002 0.0001 0.0001 0.0002 0.0023 0.0002 0.0001 0.0006 0.0002 1
61: 0.0001 0.0488 0.0002 0.0001 0.0001 0.9057 0.0035 0.0051 0.0010 0.0166 0.0063 0.0011 0.0050 0.0001 0.0037 0.0001 0.0006 0.0001 0.0016 1
62: 0.0004 0.0004 0.0018 0.0001 0.0009 0.9694 0.0001 0.0031 0.0002 0.0165 0.0018 0.0004 0.0001 0.0001 0.0025 0.0004 0.0001 0.0015 0.0003 1
63: 0.0001 0.0483 0.0001 0.0012 0.0002 0.9312 0.0006 0.0001 0.0001 0.0169 0.0001 0.0002 0.0001 0.0001 0.0001 0.0001 0.0003 0.0001 0.0001 1
64: 0.0057 0.0030 0.0001 0.0050 0.0001 0.0001 0.0037 0.0001 0.0010 0.0027 0.0001 0.0001 0.0001 0.9674 0.0003 0.0001 0.0101 0.0001 0.0001 1
65: 0.0001 0.0003 0.0024 0.0004 0.0008 0.0004 0.0023 0.0013 0.0006 0.0001 0.0055 0.0193 0.0006 0.9155 0.0341 0.0082 0.0001 0.0046 0.0033 1
66: 0.0001 0.0009 0.0001 0.0011 0.0001 0.0011 0.0035 0.0001 0.0029 0.0001 0.0001 0.0001 0.0001 0.9892 0.0001 0.0001 0.0001 0.0001 0.0001 1
67: 0.0001 0.0035 0.0033 0.0001 0.0001 0.0001 0.0022 0.0001 0.0016 0.0001 0.0001 0.0001 0.0001 0.9880 0.0001 0.0001 0.0001 0.0001 0.0001 1
68: 0.0002 0.0689 0.0650 0.0043 0.0032 0.0002 0.0006 0.0046 0.0107 0.0011 0.0238 0.0009 0.0031 0.6705 0.0308 0.0087 0.0822 0.0099 0.0114 1
69: 0.0013 0.0688 0.0494 0.0001 0.0171 0.0001 0.0003 0.0112 0.0115 0.0070 0.0325 0.0028 0.0124 0.6240 0.0037 0.0042 0.1149 0.0214 0.0174 1
70: 0.0002 0.0723 0.0571 0.0001 0.0062 0.0004 0.0039 0.0092 0.0006 0.0013 0.0081 0.0144 0.0058 0.6500 0.0285 0.0014 0.1037 0.0304 0.0065 1
71: 0.0001 0.0645 0.0474 0.0001 0.0001 0.0011 0.0006 0.0180 0.0003 0.0001 0.0024 0.0003 0.0113 0.7549 0.0183 0.0010 0.0507 0.0261 0.0027 1
72: 0.0001 0.0004 0.0003 0.0001 0.0001 0.0001 0.0001 0.0001 0.0001 0.0001 0.0001 0.0001 0.0001 0.1103 0.0001 0.0001 0.8875 0.0001 0.0001 1
73: 0.0016 0.0004 0.0024 0.0020 0.0021 0.0003 0.0001 0.0112 0.0001 0.0014 0.0019 0.0060 0.0005 0.0472 0.0032 0.0015 0.9074 0.0001 0.0104 1
74: 0.0001 0.0008 0.0007 0.0001 0.0004 0.0008 0.0001 0.0018 0.0001 0.0039 0.0014 0.0009 0.0019 0.0482 0.0005 0.0058 0.9302 0.0022 0.0001 1
75: 0.0001 0.0001 0.0003 0.0001 0.0001 0.0001 0.0001 0.0001 0.0001 0.0001 0.0001 0.0001 0.0003 0.0490 0.0001 0.0001 0.9479 0.0012 0.0001 1
76: 0.0002 0.0004 0.0001 0.0001 0.0014 0.0012 0.9896 0.0002 0.0001 0.0005 0.0001 0.0001 0.0008 0.0006 0.0001 0.0005 0.0036 0.0001 0.0001 1
77: 0.0001 0.0002 0.0003 0.0001 0.0003 0.0001 0.9924 0.0002 0.0023 0.0001 0.0001 0.0001 0.0021 0.0001 0.0003 0.0001 0.0002 0.0004 0.0003 1
78: 0.0018 0.0003 0.0001 0.0061 0.0001 0.0001 0.9892 0.0001 0.0002 0.0002 0.0007 0.0001 0.0001 0.0002 0.0001 0.0001 0.0001 0.0001 0.0001 1
79: 0.0002 0.0005 0.0011 0.0001 0.0002 0.0004 0.9887 0.0015 0.0001 0.0007 0.0001 0.0004 0.0001 0.0001 0.0016 0.0007 0.0009 0.0022 0.0003 1
80: 0.0001 0.0004 0.0005 0.0003 0.0002 0.0001 0.0001 0.0036 0.0001 0.0005 0.0003 0.0054 0.0010 0.0001 0.0034 0.9827 0.0008 0.0001 0.0004 1
81: 0.0001 0.0001 0.0001 0.0001 0.0001 0.0001 0.0001 0.0001 0.0001 0.0001 0.0001 0.0001 0.0001 0.0001 0.0001 0.9982 0.0001 0.0001 0.0001 1
82: 0.0005 0.0013 0.0069 0.0002 0.0062 0.0039 0.0008 0.0011 0.0016 0.0193 0.0164 0.0551 0.0028 0.0001 0.0106 0.8484 0.0003 0.0228 0.0017 1
83: 0.0001 0.0012 0.0020 0.0002 0.0004 0.0001 0.0001 0.0152 0.0004 0.0002 0.0071 0.0161 0.0029 0.0001 0.0050 0.9437 0.0007 0.0042 0.0002 1
84: 0.0001 0.0001 0.0001 0.0001 0.0001 0.0001 0.0001 0.0001 0.0001 0.0001 0.0001 0.9818 0.0001 0.0001 0.0001 0.0165 0.0001 0.0001 0.0001 1
85: 0.0048 0.0058 0.0117 0.0005 0.0028 0.0162 0.0050 0.0270 0.0001 0.0006 0.0077 0.7987 0.0032 0.0029 0.0089 0.0892 0.0123 0.0008 0.0019 1
86: 0.0001 0.0001 0.0001 0.0001 0.0001 0.0001 0.0001 0.0001 0.0001 0.0001 0.0001 0.9819 0.0001 0.0001 0.0001 0.0164 0.0001 0.0001 0.0001 1
87: 0.0011 0.0015 0.0002 0.0003 0.0010 0.0050 0.0006 0.0009 0.0001 0.0056 0.0022 0.9496 0.0006 0.0004 0.0020 0.0278 0.0002 0.0005 0.0004 1
88: 0.0007 0.0021 0.0010 0.0006 0.0007 0.0001 0.0004 0.8151 0.0002 0.0008 0.1659 0.0042 0.0003 0.0034 0.0014 0.0004 0.0004 0.0022 0.0001 1
89: 0.0004 0.0035 0.0002 0.0001 0.0006 0.0019 0.0017 0.8114 0.0029 0.0036 0.1582 0.0015 0.0001 0.0025 0.0009 0.0033 0.0001 0.0071 0.0001 1
90: 0.0002 0.0012 0.0001 0.0002 0.0059 0.0040 0.0001 0.8151 0.0001 0.0001 0.1559 0.0059 0.0006 0.0009 0.0069 0.0007 0.0002 0.0019 0.0002 1
91: 0.0006 0.0013 0.0051 0.0006 0.0006 0.0007 0.0012 0.7674 0.0005 0.0016 0.1929 0.0149 0.0007 0.0009 0.0034 0.0025 0.0007 0.0028 0.0016 1
92: 0.0002 0.0014 0.0040 0.0016 0.0042 0.0005 0.0012 0.0584 0.0003 0.0112 0.8452 0.0147 0.0104 0.0008 0.0218 0.0012 0.0021 0.0056 0.0151 1
93: 0.0001 0.0001 0.0001 0.0001 0.0001 0.0001 0.0001 0.0001 0.0001 0.0001 0.9982 0.0001 0.0001 0.0001 0.0001 0.0001 0.0001 0.0001 0.0001 1
94: 0.0001 0.0003 0.0001 0.0001 0.0003 0.0005 0.0001 0.0164 0.0001 0.0020 0.9690 0.0007 0.0003 0.0002 0.0007 0.0082 0.0002 0.0001 0.0003 1
95: 0.0001 0.0001 0.0001 0.0001 0.0001 0.0001 0.0001 0.0001 0.0001 0.0001 0.9982 0.0001 0.0001 0.0001 0.0001 0.0001 0.0001 0.0001 0.0001 1
