1: 0.9779 0.0202 0.0019 1
2: 0.9998 0.0001 0.0001 1
3: 0.9998 0.0001 0.0001 1
4: 0.9998 0.0001 0.0001 1
5: 0.9998 0.0001 0.0001 1
6: 0.9952 0.0047 0.0001 1
7: 0.9861 0.0048 0.0091 1
8: 0.9994 0.0003 0.0003 1
9: 0.9524 0.0475 0.0001 1
10: 0.9998 0.0001 0.0001 1
11: 0.9983 0.0016 0.0001 1
12: 0.9998 0.0001 0.0001 1
13: 0.9503 0.0006 0.0491 1
14: 0.9605 0.0014 0.0381 1
15: 0.9485 0.0001 0.0514 1
16: 0.9482 0.0055 0.0463 1
17: 0.7733 0.0256 0.2010 1
18: 0.8298 0.0304 0.1399 1
19: 0.8763 0.0060 0.1177 1
20: 0.7831 0.0109 0.2060 1
21: 0.8582 0.0201 0.1217 1
22: 0.9346 0.0053 0.0601 1
23: 0.9262 0.0035 0.0703 1
24: 0.9067 0.0235 0.0698 1
25: 0.7154 0.1194 0.1652 1
26: 0.7579 0.0777 0.1644 1
27: 0.7235 0.1076 0.1689 1
28: 0.7448 0.0865 0.1687 1
29: 0.0001 0.0001 0.9998 1
30: 0.0001 0.0001 0.9998 1
31: 0.0001 0.0001 0.9998 1
32: 0.0001 0.0001 0.9998 1
33: 0.2039 0.7170 0.0791 1
34: 0.1797 0.7423 0.0780 1
35: 0.2720 0.6623 0.0658 1
36: 0.2472 0.7001 0.0528 1
37: 0.0001 0.9998 0.0001 1
38: 0.0037 0.9961 0.0001 1
39: 0.0001 0.9998 0.0001 1
40: 0.0001 0.9998 0.0001 1
41: 0.5207 0.4721 0.0072 1
42: 0.5396 0.4583 0.0021 1
43: 0.5945 0.4054 0.0001 1
44: 0.5275 0.4540 0.0185 1
45: 0.4396 0.5603 0.0001 1
46: 0.5359 0.4640 0.0001 1
47: 0.4314 0.5685 0.0001 1
48: 0.4827 0.5134 0.0039 1
