1: 0.7143 0.1884 0.0973 1
2: 0.7149 0.1963 0.0888 1
3: 0.6555 0.1500 0.1945 1
4: 0.6325 0.1833 0.1842 1
5: 0.9956 0.0004 0.0040 1
6: 0.9998 0.0001 0.0001 1
7: 0.9998 0.0001 0.0001 1
8: 0.9989 0.0007 0.0003 1
9: 0.9998 0.0001 0.0001 1
10: 0.9996 0.0001 0.0003 1
11: 0.9987 0.0001 0.0012 1
12: 0.9232 0.0379 0.0389 1
13: 0.9226 0.0773 0.0001 1
14: 0.9989 0.0010 0.0001 1
15: 0.9559 0.0436 0.0004 1
16: 0.9993 0.0006 0.0001 1
17: 0.0756 0.9243 0.0001 1
18: 0.0913 0.9086 0.0001 1
19: 0.0811 0.9188 0.0001 1
20: 0.0976 0.9023 0.0001 1
21: 0.0001 0.9112 0.0887 1
22: 0.0001 0.9224 0.0775 1
23: 0.0001 0.9561 0.0438 1
24: 0.0001 0.9543 0.0456 1
25: 0.2555 0.7004 0.0441 1
26: 0.1881 0.7288 0.0831 1
27: 0.1840 0.7398 0.0762 1
28: 0.2575 0.6787 0.0637 1
29: 0.0001 0.7765 0.2234 1
30: 0.0069 0.8598 0.1333 1
31: 0.0001 0.8516 0.1483 1
32: 0.0001 0.8527 0.1472 1
33: 0.4999 0.4706 0.0295 1
34: 0.5228 0.4695 0.0077 1
35: 0.5203 0.4760 0.0038 1
36: 0.5277 0.4583 0.0140 1
37: 0.1562 0.0656 0.7782 1
38: 0.1386 0.0034 0.8580 1
39: 0.1681 0.0640 0.7679 1
40: 0.1342 0.0128 0.8531 1
41: 0.0001 0.0281 0.9718 1
42: 0.0193 0.1746 0.8061 1
43: 0.0585 0.1451 0.7964 1
44: 0.0764 0.1967 0.7269 1
45: 0.0001 0.0001 0.9998 1
46: 0.0001 0.0001 0.9998 1
47: 0.0001 0.0001 0.9998 1
48: 0.0001 0.0001 0.9998 1
